4.18
JOURNEE.004: Bulk Carrier, 172.00 x 23.10 x 7.86 (13.00) meter.                 
  1.654E+00  0.000E-01  1.000E+00  0.000E-01
         24
  2.500E-02  2.500E-02  2.500E-02  2.500E-02  5.000E-02  5.000E-02
  5.000E-02  5.000E-02  5.000E-02  5.000E-02  5.000E-02  5.000E-02
  5.000E-02  5.000E-02  5.000E-02  5.000E-02  5.000E-02  5.000E-02
  5.000E-02  5.000E-02  2.500E-02  2.500E-02  2.500E-02  2.500E-02
          1
       0.00          6  0.000E-01
  0.000E-01  0.000E-01  7.727E-02  6.997E-02  1.147E-01  1.336E-01
  1.441E-01  1.972E-01  1.878E-01  3.244E-01  2.204E-01  4.517E-01
  2.464E-01  5.789E-01
       0.50         14  0.000E-01
  0.000E-01  0.000E-01  8.658E-03  6.361E-02  9.048E-03  1.272E-01
  9.264E-03  2.545E-01  9.654E-03  3.817E-01  9.827E-03  5.089E-01
  9.827E-03  6.361E-01  1.082E-02  7.634E-01  2.463E-02  8.906E-01
  7.251E-02  1.018E+00  1.629E-01  1.145E+00  2.178E-01  1.272E+00
  2.573E-01  1.399E+00  2.884E-01  1.527E+00  3.140E-01  1.654E+00
       1.00         16  0.000E-01
  0.000E-01  0.000E-01  1.558E-02  0.000E-01  3.095E-02  0.000E-01
  6.203E-02  6.361E-02  7.649E-02  1.272E-01  8.948E-02  2.545E-01
  9.706E-02  3.817E-01  1.031E-01  5.089E-01  1.100E-01  6.361E-01
  1.200E-01  7.634E-01  1.414E-01  8.906E-01  1.843E-01  1.018E+00
  2.423E-01  1.145E+00  2.855E-01  1.272E+00  3.201E-01  1.399E+00
  3.484E-01  1.527E+00  3.722E-01  1.654E+00
       1.50         16  0.000E-01
  0.000E-01  0.000E-01  2.727E-02  0.000E-01  5.485E-02  0.000E-01
  1.165E-01  6.361E-02  1.377E-01  1.272E-01  1.613E-01  2.545E-01
  1.759E-01  3.817E-01  1.875E-01  5.089E-01  2.009E-01  6.361E-01
  2.175E-01  7.634E-01  2.403E-01  8.906E-01  2.750E-01  1.018E+00
  3.129E-01  1.145E+00  3.454E-01  1.272E+00  3.740E-01  1.399E+00
  3.980E-01  1.527E+00  4.184E-01  1.654E+00
       2.00         16  0.000E-01
  0.000E-01  0.000E-01  4.784E-02  0.000E-01  9.567E-02  0.000E-01
  1.711E-01  6.361E-02  1.971E-01  1.272E-01  2.283E-01  2.545E-01
  2.481E-01  3.817E-01  2.638E-01  5.089E-01  2.802E-01  6.361E-01
  2.992E-01  7.634E-01  3.210E-01  8.906E-01  3.463E-01  1.018E+00
  3.723E-01  1.145E+00  3.962E-01  1.272E+00  4.178E-01  1.399E+00
  4.364E-01  1.527E+00  4.524E-01  1.654E+00
       3.00         16  0.000E-01
  0.000E-01  0.000E-01  9.610E-02  0.000E-01  1.928E-01  0.000E-01
  2.741E-01  6.361E-02  3.052E-01  1.272E-01  3.435E-01  2.545E-01
  3.671E-01  3.817E-01  3.848E-01  5.089E-01  4.006E-01  6.361E-01
  4.157E-01  7.634E-01  4.302E-01  8.906E-01  4.433E-01  1.018E+00
  4.552E-01  1.145E+00  4.660E-01  1.272E+00  4.755E-01  1.399E+00
  4.835E-01  1.527E+00  4.900E-01  1.654E+00
       4.00         16  0.000E-01
  0.000E-01  0.000E-01  1.442E-01  0.000E-01  2.883E-01  0.000E-01
  3.623E-01  6.361E-02  3.921E-01  1.272E-01  4.268E-01  2.545E-01
  4.475E-01  3.817E-01  4.618E-01  5.089E-01  4.717E-01  6.361E-01
  4.787E-01  7.634E-01  4.843E-01  8.906E-01  4.888E-01  1.018E+00
  4.927E-01  1.145E+00  4.958E-01  1.272E+00  4.982E-01  1.399E+00
  4.996E-01  1.527E+00  5.000E-01  1.654E+00
       5.00         16  0.000E-01
  0.000E-01  0.000E-01  1.861E-01  0.000E-01  3.678E-01  0.000E-01
  4.259E-01  6.361E-02  4.499E-01  1.272E-01  4.760E-01  2.545E-01
  4.888E-01  3.817E-01  4.948E-01  5.089E-01  4.981E-01  6.361E-01
  4.995E-01  7.634E-01  5.000E-01  8.906E-01  5.000E-01  1.018E+00
  5.000E-01  1.145E+00  5.000E-01  1.272E+00  5.000E-01  1.399E+00
  5.000E-01  1.527E+00  5.000E-01  1.654E+00
       6.00         16  0.000E-01
  0.000E-01  0.000E-01  1.385E-01  0.000E-01  2.771E-01  0.000E-01
  4.176E-01  0.000E-01  4.624E-01  6.361E-02  4.806E-01  1.272E-01
  4.971E-01  2.545E-01  5.000E-01  3.817E-01  5.000E-01  5.089E-01
  5.000E-01  6.361E-01  5.000E-01  7.634E-01  5.000E-01  8.906E-01
  5.000E-01  1.018E+00  5.000E-01  1.145E+00  5.000E-01  1.272E+00
  5.000E-01  1.463E+00  5.000E-01  1.654E+00
       7.00         16  0.000E-01
  0.000E-01  0.000E-01  1.407E-01  0.000E-01  2.814E-01  0.000E-01
  4.221E-01  0.000E-01  4.760E-01  6.361E-02  4.919E-01  1.272E-01
  5.000E-01  2.545E-01  5.000E-01  3.817E-01  5.000E-01  5.089E-01
  5.000E-01  6.361E-01  5.000E-01  7.634E-01  5.000E-01  8.906E-01
  5.000E-01  1.018E+00  5.000E-01  1.145E+00  5.000E-01  1.272E+00
  5.000E-01  1.463E+00  5.000E-01  1.654E+00
       8.00         16  0.000E-01
  0.000E-01  0.000E-01  1.407E-01  0.000E-01  2.814E-01  0.000E-01
  4.221E-01  0.000E-01  4.760E-01  6.361E-02  4.919E-01  1.272E-01
  5.000E-01  2.545E-01  5.000E-01  3.817E-01  5.000E-01  5.089E-01
  5.000E-01  6.361E-01  5.000E-01  7.634E-01  5.000E-01  8.906E-01
  5.000E-01  1.018E+00  5.000E-01  1.145E+00  5.000E-01  1.272E+00
  5.000E-01  1.463E+00  5.000E-01  1.654E+00
       9.00         16  0.000E-01
  0.000E-01  0.000E-01  1.407E-01  0.000E-01  2.814E-01  0.000E-01
  4.221E-01  0.000E-01  4.760E-01  6.361E-02  4.919E-01  1.272E-01
  5.000E-01  2.545E-01  5.000E-01  3.817E-01  5.000E-01  5.089E-01
  5.000E-01  6.361E-01  5.000E-01  7.634E-01  5.000E-01  8.906E-01
  5.000E-01  1.018E+00  5.000E-01  1.145E+00  5.000E-01  1.272E+00
  5.000E-01  1.463E+00  5.000E-01  1.654E+00
      10.00         16  0.000E-01
  0.000E-01  0.000E-01  1.407E-01  0.000E-01  2.814E-01  0.000E-01
  4.221E-01  0.000E-01  4.760E-01  6.361E-02  4.919E-01  1.272E-01
  5.000E-01  2.545E-01  5.000E-01  3.817E-01  5.000E-01  5.089E-01
  5.000E-01  6.361E-01  5.000E-01  7.634E-01  5.000E-01  8.906E-01
  5.000E-01  1.018E+00  5.000E-01  1.145E+00  5.000E-01  1.272E+00
  5.000E-01  1.463E+00  5.000E-01  1.654E+00
      11.00         16  0.000E-01
  0.000E-01  0.000E-01  1.407E-01  0.000E-01  2.814E-01  0.000E-01
  4.221E-01  0.000E-01  4.760E-01  6.361E-02  4.919E-01  1.272E-01
  5.000E-01  2.545E-01  5.000E-01  3.817E-01  5.000E-01  5.089E-01
  5.000E-01  6.361E-01  5.000E-01  7.634E-01  5.000E-01  8.906E-01
  5.000E-01  1.018E+00  5.000E-01  1.145E+00  5.000E-01  1.272E+00
  5.000E-01  1.463E+00  5.000E-01  1.654E+00
      12.00         16  0.000E-01
  0.000E-01  0.000E-01  1.407E-01  0.000E-01  2.814E-01  0.000E-01
  4.221E-01  0.000E-01  4.760E-01  6.361E-02  4.919E-01  1.272E-01
  5.000E-01  2.545E-01  5.000E-01  3.817E-01  5.000E-01  5.089E-01
  5.000E-01  6.361E-01  5.000E-01  7.634E-01  5.000E-01  8.906E-01
  5.000E-01  1.018E+00  5.000E-01  1.145E+00  5.000E-01  1.272E+00
  5.000E-01  1.463E+00  5.000E-01  1.654E+00
      13.00         16  0.000E-01
  0.000E-01  0.000E-01  1.407E-01  0.000E-01  2.814E-01  0.000E-01
  4.221E-01  0.000E-01  4.760E-01  6.361E-02  4.919E-01  1.272E-01
  5.000E-01  2.545E-01  5.000E-01  3.817E-01  5.000E-01  5.089E-01
  5.000E-01  6.361E-01  5.000E-01  7.634E-01  5.000E-01  8.906E-01
  5.000E-01  1.018E+00  5.000E-01  1.145E+00  5.000E-01  1.272E+00
  5.000E-01  1.463E+00  5.000E-01  1.654E+00
      14.00         16  0.000E-01
  0.000E-01  0.000E-01  1.407E-01  0.000E-01  2.814E-01  0.000E-01
  4.221E-01  0.000E-01  4.760E-01  6.361E-02  4.919E-01  1.272E-01
  5.000E-01  2.545E-01  5.000E-01  3.817E-01  5.000E-01  5.089E-01
  5.000E-01  6.361E-01  5.000E-01  7.634E-01  5.000E-01  8.906E-01
  5.000E-01  1.018E+00  5.000E-01  1.145E+00  5.000E-01  1.272E+00
  5.000E-01  1.463E+00  5.000E-01  1.654E+00
      15.00         16  0.000E-01
  0.000E-01  0.000E-01  1.407E-01  0.000E-01  2.814E-01  0.000E-01
  4.221E-01  0.000E-01  4.760E-01  6.361E-02  4.919E-01  1.272E-01
  5.000E-01  2.545E-01  5.000E-01  3.817E-01  5.000E-01  5.089E-01
  5.000E-01  6.361E-01  5.000E-01  7.634E-01  5.000E-01  8.906E-01
  5.000E-01  1.018E+00  5.000E-01  1.145E+00  5.000E-01  1.272E+00
  5.000E-01  1.463E+00  5.000E-01  1.654E+00
      16.00         16  0.000E-01
  0.000E-01  0.000E-01  1.840E-01  0.000E-01  4.109E-01  0.000E-01
  4.531E-01  6.361E-02  4.698E-01  1.272E-01  4.861E-01  2.545E-01
  4.926E-01  3.817E-01  4.959E-01  5.089E-01  4.976E-01  6.361E-01
  4.987E-01  7.634E-01  4.994E-01  8.906E-01  4.998E-01  1.018E+00
  5.000E-01  1.145E+00  5.000E-01  1.272E+00  5.000E-01  1.399E+00
  5.000E-01  1.527E+00  5.000E-01  1.654E+00
      17.00         16  0.000E-01
  0.000E-01  0.000E-01  1.645E-01  0.000E-01  3.293E-01  0.000E-01
  3.868E-01  6.361E-02  4.113E-01  1.272E-01  4.380E-01  2.545E-01
  4.500E-01  3.817E-01  4.558E-01  5.089E-01  4.601E-01  6.361E-01
  4.640E-01  7.634E-01  4.673E-01  8.906E-01  4.702E-01  1.018E+00
  4.727E-01  1.145E+00  4.750E-01  1.272E+00  4.775E-01  1.399E+00
  4.810E-01  1.527E+00  4.854E-01  1.654E+00
      18.00         16  0.000E-01
  0.000E-01  0.000E-01  1.082E-01  0.000E-01  2.126E-01  0.000E-01
  2.811E-01  6.361E-02  3.088E-01  1.272E-01  3.407E-01  2.545E-01
  3.589E-01  3.817E-01  3.684E-01  5.089E-01  3.753E-01  6.361E-01
  3.803E-01  7.634E-01  3.846E-01  8.906E-01  3.895E-01  1.018E+00
  3.956E-01  1.145E+00  4.029E-01  1.272E+00  4.114E-01  1.399E+00
  4.212E-01  1.527E+00  4.327E-01  1.654E+00
      18.50         16  0.000E-01
  0.000E-01  0.000E-01  6.494E-02  0.000E-01  1.442E-01  0.000E-01
  2.119E-01  6.361E-02  2.405E-01  1.272E-01  2.737E-01  2.545E-01
  2.939E-01  3.817E-01  3.052E-01  5.089E-01  3.118E-01  6.361E-01
  3.147E-01  7.634E-01  3.162E-01  8.906E-01  3.197E-01  1.018E+00
  3.262E-01  1.145E+00  3.363E-01  1.272E+00  3.496E-01  1.399E+00
  3.651E-01  1.527E+00  3.826E-01  1.654E+00
      19.00         16  0.000E-01
  0.000E-01  0.000E-01  3.030E-02  0.000E-01  6.061E-02  0.000E-01
  1.365E-01  6.361E-02  1.656E-01  1.272E-01  1.997E-01  2.545E-01
  2.207E-01  3.817E-01  2.338E-01  5.089E-01  2.383E-01  6.361E-01
  2.367E-01  7.634E-01  2.329E-01  8.906E-01  2.310E-01  1.018E+00
  2.347E-01  1.145E+00  2.452E-01  1.272E+00  2.621E-01  1.399E+00
  2.840E-01  1.527E+00  3.090E-01  1.654E+00
      19.50         16  0.000E-01
  0.000E-01  0.000E-01  2.165E-03  0.000E-01  4.545E-03  0.000E-01
  6.429E-02  6.361E-02  9.143E-02  1.272E-01  1.248E-01  2.545E-01
  1.470E-01  3.817E-01  1.602E-01  5.089E-01  1.625E-01  6.361E-01
  1.561E-01  7.634E-01  1.441E-01  8.906E-01  1.304E-01  1.018E+00
  1.264E-01  1.145E+00  1.332E-01  1.272E+00  1.495E-01  1.399E+00
  1.752E-01  1.527E+00  2.075E-01  1.654E+00
      20.00         14  0.000E-01
  0.000E-01  0.000E-01  2.091E-02  3.181E-02  3.896E-02  9.542E-02
  5.390E-02  1.590E-01  7.628E-02  2.863E-01  8.823E-02  4.135E-01
  8.970E-02  5.407E-01  7.935E-02  6.679E-01  5.225E-02  7.952E-01
  2.130E-02  9.224E-01  4.113E-03  1.050E+00  2.424E-03  1.177E+00
  1.156E-02  1.304E+00  3.935E-02  1.431E+00  7.450E-02  1.559E+00
    172.000     23.100      7.860
 *** End of file ***
